0           0           -0.00455
0.087266	-0.00799	-0.00441
0.174533	-0.01546	-0.00384
0.261799	-0.0224 	-0.003
0.349066	-0.02855	-0.0025
0.436332	-0.03272	-0.0013
0.523599	-0.03663	-8.70E-05
0.610865	-0.0399     0.001889
0.698132	-0.03898	0.00135
0.785398	-0.03906	0.000128
0.872665	-0.03707	-0.00112
1.047198	-0.03644	-0.00261
1.22173     -0.03277	0.000232
1.308997	-0.02821	0.002797
1.396263	-0.02445	0.004117
1.570796	-0.01781	0.004427
1.745329	-0.01595	0.004912
1.832596	-0.01744	0.00544
1.919862	-0.02427	0.003134
2.094395	-0.0264     0.00756
2.268928	-0.02658	0.009433
2.356194	-0.02613	0.009381
2.443461	-0.02385	0.009806
2.530727	-0.0228     0.009452
2.617994	-0.02068	0.009045
2.70526 	-0.01889	0.008363
2.792527	-0.01728	0.006792
2.879793	-0.01273	0.007613
2.96706     -0.00789	0.007297
3.054326	-0.00476	0.006924
3.141593	0           0.007066
